$ANSIBLE_VAULT;1.1;AES256
66616363306462633263306463383532306537363035326638623137343063663366316137623264
3763303833316631313938393231316330373864393139340a303437363665323863326165343064
62316335633237386366666234646336356334646439663565633334333063643765366133663663
3235303137396364320a373366623832343531333661396337643034373431356130373664363765
38663962323266393637316563363561386262396232653964363831666436363135373033323734
33373237356435343461663231363664346438663664316265646364626661663861376330343237
65386631343363363433386266343434353734386565393162303238383536333365633235626265
30316566393131373064616330623538333831343837643537336461323732633133626162306634
32376332383039663132353264343036653262336134633836623337383062323965383438393964
39663363323365633038646461383766663736303862303163306664616539646661343134376561
31373861653039353466346635613265326630633765366131633163303766386439666264333865
38643536393033336634303835643365346139653134383932383839343865383438613333316436
66366239663136666433336665663030636263366431653737313561623432333363326536353730
32393733393735666436646334646132356532396663333931366431646164633936326365663738
31323030643333346262363763333337643832646162353836333061646131303831393437623432
35386231653965353666373038353538393461323331316633383834396339303136633330633961
66616530353234316131626663333335376134333232623935353537646132623739346532656566
35336162346566616637323230346661656363383864653465653231356630386131323139633435
64336432626532353865626135613536373165616531363363323530333330326634623463623838
65333535373564626166313932306232623366323365656161353936376436623532323333613639
61613565373266343430396239333165343436343231343165613466643737303262363739373933
38366534663262353263666666353938346635643433613361623333303139623562666633616632
61346564663939396363646437633238363138393636333237313235323164636330313064356635
32616466363631656161653962643234616162663731643339356161373532636263343738326534
38613362613562366461353065356633646662393532306566633263376166353530356130626439
31383163313165366533306530316437616233363036343239383161313138303138643639323737
33623063306337343766623064343465666438383739396635313330333164663830653561326639
39653863646333363331656439623732383866373764303238366662666665636363623439623535
65613661353135656134643432356539323565636166666531313364343235316164316263396239
31313636396633316339636463633666323533316138386332323234333161666236323036326632
39376536636635333132383164323961633764363664633130383536636334383665343161313533
63343262393230373461353363363666643264323061336130656232343235303133623033356233
61353235643332333461373664353362363333646465623739383062633531653336393939653231
38666563306263363139356337613837626164333634313537393833336462646435313437303265
64623765626565633539666538666336303236303761376636626439343261356232333563373337
61373338646632316636623761666537636133393062656638373531303462613035373937636434
38303965316535373037313230336134316263323864623635613934623566326639656335353738
36666336376232373233646136353034636530333861623961373835323137383434613436383838
61366164303035383132653265666239626434623965643536343236396136343135613439303835
34393865653266643930643035663530323437386238366139663232356166373565323135363132
64333761363265326331633430313035306133376338336361373931616639383939386331643531
65393133366533316230626538316566633030303731653733653435393532346130393535353635
33633563613366343465383034353837353539326533656639333739386361366239376335626238
61663135326639663335326661303263616133313036616263316232376564313137333134306231
30356362666531656139336362633031356361333163666363386166373432643831363937393035
36353163623038313630663863393638616432346161653338383938613332313666643132386137
66313966393661356262656633656232353266633332663030633037396162346261306465383635
62396165393965303539653965633034623739376566353765316166616264356431383137313261
63366231343631343665636335323536623630386365346662343833323861623764653635616665
37323634343734663465343264336432633633616334303736323734663537333634623136663864
62663239306164386561343633643431633134636265326633653739636139366637643831613864
30616531386365313630646365373535666665323461323739343962643036626265636636633332
32343538383964393861393333373839386265326335626630366366646166646136386439323137
63653234353863313639643765623061326666653463666436323865656262313938633037306661
39353238633839393863656231326461646538303131373563396235353063633338376434653536
65336337343465666665613364323838613866346365626536323263363934636536393166303938
61653361353063356664333261353930303834366233326333356330616265653164376136383534
34343665653235363661653065383839646364323237343165306163663034616237323333316264
36313766636361333234303866656664396261373364623134393966376139393837393965313234
31336532303031366231666130303364343737363330613334396531613131356531383938316335
62393535316338666162646533333937323437616463376434623664303332336466353465356530
35383564383433363365643761376131333039623165366438633335643839653436643765383734
32306230393439333465333235306233333733386361316465313232373338396464396666373562
37306436656535363165353930646136386165616535613863366436313033356461393435313930
39303338346366313430313336326136626530323835396234363534343134643930666239366665
64373664303837323932313062646165643164393639353663333235646438663462643832663462
35653339656534613762313461353136396638393364373966356663303133376135306131613764
65386166353134623131303766373430306165643731323234393331336131323835343537363530
37393634623933616630373865646563633265663331306431363763656334343865633738313562
38643434613866396135376132653532336438343738383462623033623731663566633232613463
63346263396136613264656164633038663937613961393632353533346232343237653730306532
30353163326632373936353833393665646661306331656362316234623862333165373038616632
65353431346337313832663632353465653639636666666333306132393963653538623636333739
37653736306333333563643938343438393664353331363336613630633534386439353533353166
62633036363864633134356335323033626334333030323262613439663936356431616235636637
37363134643432666237633962613431383438393437343439656239396666633161663730346262
64383564306332363333626539626539336439313366346464626133326464653231396635343631
33653966356431386634376234616632616662366664313432663236333064623639363237363136
63626336336433356266316166616166356333353633363561633035383035396363383735396537
64383262346161616334383332393330653539386666663632343732663139383233613036313233
35396535303735343563333637346364663536393931363933396335326135643437613331643738
65373039386633653235376530333064376663623866333536396233633661646462623266303537
39363539306661656531623663323039383431363266376637656463366461356131303131666132
33323837343135316131636539643966363966366661356436633864353934343465623561663138
34373563396335616232383338366665633435386336316537326438316362613538643630656236
62356465626463633831373536623730363934656238633764396265396134663834333466646162
38316131323661333063376566613533396264623164646562656366613832613336333032353763
65623136633062653431363639393333663166663731633263616333353061323163643638373934
66323337313236363561646363373235393262646539383466623566336537373431363363343330
39363530326337373736356530396363383433376165353439613433393438356566393832656263
38636664316661346138383165336139383165633134373730306432646130643436653233313661
34663934666633393732396261636231373634353332333666396666303163343235326633393561
33316533356134643031376330656339346162336662326233643832666336383633336365316133
34373166323765616338323335356339393832303530613364633662636462393935346538626634
65363831393964343936666632366238336136616565626137633564613866383638343166643933
66643934663634646335353762313633613466333266343435393737373139666437656137393365
61396236663664656265633562333630656330373431616132653030313964363636356163373937
39613038663266656138633531343865396130326262313636373163396437663863633639333335
36356430616365393932333433376363656632633138316433633133613335346263386133633963
32616136336239343035373864383539326461653266663232633034396231333238303335313631
63633837626137393336303739336432383965383130323230383731666230623662363230373835
35633134656266396262633765656261393935306564343732383038353131313765626131653432
31386234363064343330386265303235666438306432306366643335336336633066356362333437
39313632386665396461336634633562363034393831653439653836653935353962633531356339
64383634343663613931333265616338316438616430393237666637666235623435303062333434
38306263393531323837626330306533333064656562656262313462633662626433353431636462
37633838303062666232396436636465623463663962303430396434353063623363306365343766
66363138303530633161363863323665386166366130346461626536353264646638633032646334
64326634336661316266313030313365316634623261396232613132623362666639336366316666
31653334343632666663303632343631383761623233656133616363366365633535363339373366
63353030326234663436346430616536386630613436386138336566373430653165613435666565
63383738333739626639383065306366666530616334626138363531316439613433336639353864
62303437626337653431626465373836643033646639353736646632636435613836346166646563
61353835633138363835643266626133333232303939323661663539656662346561326331326233
37356333633463353537323238356261626230323466313535363334663432346566653764303933
61623634616534653661373864656661613639363637663534666364623033303562626531363239
37306535303934656135373038643739333863343037353437623663333864666265303838363437
37323635643630363131623038653436333764336131373339353465666462343239636133656436
66373831363232633438356536346232373535666665643563373237323861383565653735383231
37643538623335343631383663346430383162643762336330363636386264643764633039643535
33306665393933303232333666353430376437393964653134326433613662313439393037646264
39313962306366343366623039663530643935326233616239393362313936386631306361346435
65353964633430336636646538303736363363613239643632613330343263643762643966333063
66663134313166663638346263613566336532613036353430346437323463346437616634326234
63626665366162363764616362626138356233663631393764656436623238666436623565313039
31666433633863633763356263616161663666323063633664633131653239663938666134343937
31356531343461613536393631646633613033343935343039613461613364623633633262313430
32616666386563643533313631353738326465613162653436653133653264643063353630396262
62333431393633363462386464333865373634326432636430643439376433306134346165666536
66636363346163303865383364313338303938393830623534363566616164613337643130633765
31306665623162616236363132326437613662633138616331373966646165666232663638613664
62333734626333613038316631623032373562303462323732303866323363623432346633383563
63376634636662356562326266373736623663343962386464393532396564333939386136356464
36653136303639643235316637383532613366366233373965643862386363363932363731363633
32613464633865323162633063396164336462323635373433633230393165313830383037303966
63333163333362366563393937393638353037653338303836306437646136376438656336383966
39383332333265323833646662396237343432653336666533623734393237336131336434303630
38373331633562326632303338366163363737663234663136336439303935393265663236333362
63613261346531373335336364363361626562623631333833396135356534333930643365393433
35616231323432663633336165363034653531633566306638623639636435376165636264363732
30623132343830623132623966306664336537363930376431373037613734346266616138346164
37666633363761356361646333326565306633343732613262313161623332306332373365343131
62363337396232616363303864666433313061356466396238636439393961613934313839303532
30323861306436376135393935316136666561613038396462386664633365653835326664356163
65333633643962653365373332646434373835393533333563653765636566313966326134363535
35663665653131376161623732326663343064653764396430353531613064383266366438313139
66653265636339353264376563366134376461613065353836613539373166623538646135303762
37303833626465623536353566393861363031633035633139353134616238323662303433333261
61616466396665653231626563636262663131313230613535346434343762666639316233346161
62666466663636616562383365316438383035313731373335613534646630343533336662383636
30616630323763633633633933383739346135383135333166626635396165366563623461653136
33343262666530653463343862316334633861393634343061306437393731636337303839653061
39393137333665626332336465616132343132383031363465616639396366353264646435316231
30333836316161373330336562306162303762336439393533383866623037333836343336336339
38373163613133373135323061346638363736346262313332333430616339303930343062386362
34303564653738343562326533363630373832663230346531343865396637643266363031323639
33373264303333643238643562656531663261613463306434656231326237373061656632633332
63363664653963636531323837383832633765653638666336636363383134646435613735613132
65366663613261623733633035353636356431313865353235376362376133666466663866613333
39316464663165643939663935393063356465353736383963353534363262663239383061623837
32616562336566386362636162363239393566323831656562383062393030653632316334303437
63303735353830643139356636323438396466616135323436313838646338343563336463303236
34326133623538303037613134613765626433616237366435316262313936663762646162396431
35343333666634373335373965373562616636396661613237323837613231666334396336323861
64623635363236333934316135616162633739323464333739303566313534356566306233663564
31663436356331666630636432396132643837383461633961646633653765373666656639336237
62316139353664356166646533663261383039353561653430653036653762663035353434376430
61346264376634316464653539373232633934663565393632303264376262666166623631303834
66363035646632393664633138386361373066393235383235636265386466656631356562363236
34616338313163666364663464316666313865663463353163306663386563356365646565383631
33646637366635653534333736363336643639333539356666383039623234626165656330663034
37613835336335383533643638326636343735623663303164613939613232316438626333373366
35363066653136346138653433303036303236306565613866396133306663393536
