$ANSIBLE_VAULT;1.1;AES256
32373338336234393961306265323234666461323630613335653739663637356139616333353530
3262626536643964336464383537643336313631316534380a326666366137386566333934653030
31656438656563666634623366656633363061386365396134313866633734303462393064356264
6664663137333862340a616136356634366665626239663834623536396333623139333062633436
30666236323237646438393761643731353833316666326639303731313630333939346437663566
66386234303432393364336565343030323134646566656335653331636130303332626566356262
31623237363434323936323330633262396365376431363734613938303731316662393865393039
62343831346437616335323961376266363763303666343462666539663665363464623661306662
30333335333432333262643832646230636265333561613264663332623137656461663136306135
61653430613962366263323136646138636134326664636236396231336263623938366462343037
66653831343137636132353661653231656466313937303365633436363562313530633963343931
36303362316639663930306466663062636336386636333035343039323235653031353761656662
39386239366133623361633134636335626530316163343331306439306535393630633839363066
30363338623362333239393036393931656134626539623462623362653036653966616163386530
38393034356133353833663535396134343933383738396264363735626662393134643533636133
63306634313965653665313335393939373336656631613266656535306361346634353734623936
39633137353963623762333236366237656638336635616331656364653061663330356337303436
65323266643563386233323862333636353237626464356138636366666431336634636431346632
39633063303838626462383765663931646662366363626235393763626438666164616162643531
32326434393932343535633737316636363930376633663864346262653731373365376230356331
36366330653130323763313533326532653333373637656334663330633130643938333934643635
37393564643061396230323266353261366461316639613537383837333966323863326461643061
61373330643665303730323932386634303136613361643333623137343361383235306632383638
38346538373263666562323830656662396230366338653733653466356138663736343965653935
62366665336232343661626132663462303935313432666235333733613364323866646338656233
37336536393462306361336338663264363832353430343235653562336537396565366432303931
38636537373639326339663937303062653361336262656233663536663436376338353638343264
64326432663461636330393832353939376637613439393661666562646637613630393739353066
66356536356335326630653438643739383361363865306539373762633234313734666330663436
65653831393137333461623262306135643864663063653739366439653663323336333237323562
63383263326336636638653037666632313764353233376530626236353564643236373732346231
65383832316466396436613061396462666364336663376632346263393830396439326461643634
36363462333535366265326162303838613739333738306666366634363861373538633234663438
39396335333630643662623937313131363638313336333732363732383530613562616565336666
37663135306538633261363663646337626434383135353761613565663765653237643762323461
30386537343636633437366464646539623034656335326263663966663137623761313730623837
30613063646435643130383966383763616139343335343966616263393432343138636663623932
66366662346533336564353235383635353631613465363430363661306132656334623464323064
36643065393733346330346134653038376266646566666462333438376434616662353537366666
35333735636265323137383030326361383362646233336431383538326132623036663165393961
64343032393233363365393030616562363563373037316638343230613430663661346565396231
62366238626235356132386531303763303233616235666665666232633437353832323566363937
61323764636165336163376161303365346132663035313265326439646166636637623634393034
32356265633831306264643563376431633866653663363766356664393765613862376537666330
37303936353939346235623530656139383366346537386232336131323436656664653933313666
61646364653433306263643431373536386261323761343433646631616630353830656430633762
65393461626535386435356238633864653162653663313264323236333036613164653763323130
36376631323238623132666434653466623235346438366631663232393666346263336665376336
62646238633863363034623664636662373861616366393238613763633463333366643061633362
33326135353137393333393830623861363832646166653039393437656635303638653039363361
39376333656666303863326338326231633436633536623931353134323930656135353037646632
64373665623164356133633633643533353238613165313234653464333239346563646464353534
64616437376433316137663834356232396333646365366133373666366534343064383662313565
65653065643631646536333661653761626132343261316237613366333339303766653035633434
30656564663732323832376437316262653764393833613536623137666564323662316465316331
35656231313337333365323764343734353936323263323838356266373464336261356364613835
31363564343030626166383839393336336339643761663332303465306366626366616462303030
31313633303864353166343239633238323632356465633039376161653464326564333335343766
65366165613738393536633863303937633636633631663535376532356666666539373338343463
33633533343231373336643736376532643531353731396564653561376638653132346666636539
64343663663761306337636435363630323734623431336630613437616433383063616538623163
66383335363166326135363534343535373735336565376338396432386435336665306239623536
65656331316235333732363730626434653263336436393335666135623236316633356534626166
36613535313631666636346530336130646339613833346635333238646361626432363662633338
64656334306265373136393236656431646166326137623039386639613133326365646535376434
32633664323965393939613239306664326632373038326130626236313263656537333562306535
31333666646235623366356338626462353463626265613130383638303666356366643034333230
66353230656264393966366439326239653737343833663634656530626362316434623939653631
31666637656232383063643838333432376539613731326235313863336633376139623366336632
61376431623664393038373562326261616130613564363062613966343365613335636437393831
33356635323130393062346236336261323664656637326431646237363262303336616265343561
61383934373363346137343139326134326137656630613038663265313730326165633766663437
62383830623562626136306433643039323533343966616139633933376263666336636134656430
38613239366661366534653834646135386539653866666433386461326365323532376435393263
61353361313562353462316665396431366131613361353264363437613033396230376434303063
39623263613065383261653365376139616163376530646639396662363836356236633438363835
30366536656263633330396231363262343631643163346461356663616161306134663066643565
32643230626365313133656530363638616437643034383731363764616430633966653162333338
66323561353431373662356535663265626166643736346436313363313437656565353630643664
36316666643661366637383532663364383832343939396139386633366162356565326465616630
32396539333437373437623065343036353465616133373738333230353437643338323331633838
64313636386262646335336663623736313064313733336364303839613439643531383864313663
32386638356361353466336636346261333232613566393339393663663063336431326630386164
66313633613835343030646336613263626364343965383666383339376631633662643735363336
37396666333531333362666632366162613431633565323836663662633061626233643030633135
32303064386339303639396438353134396164656366613762363463373437623536633239633837
36383636626564376533666433663834393436613039616237386639333838303137663463333235
30646161323565623164333634333665343532363530373561633032393234666137396630626134
33333736616631616636663764363634333537353639313637343637646434346165303735653466
37376237343530623933316530623031666330303132646233313530646363366339636433386239
63326565323437636337316164636339386164323130303766633263313763343766323432613861
38336365633838353437626463306438353864303538343637316132616237663431396563386135
31353962633731663039663531623039393735313832373033626136396261663563613230313632
64353533333036656634346131646639336462306237616266636231633036653534353262316639
31613163363761646463393434363733363038303763613930643962306232343730303265366262
34613665306266313066656135653336313938316364623939333961623966363935373239633639
65363935663839613239333630643765633537653038616566303466303464333664373066666430
62663630646661613164376234363233383432656462393362633761653165636434616139353830
31316666356235616434313164633765376233633831393364356533346631386334306465343633
37383935656366636332336330623864303061373933663563326434643539636634616533356530
64346239663032613136613739613230363430303839303466373666323332613438626530313834
38303132643236636134653532613736316265666530656266313634346634356166666434633232
64613032626630636339336663333230643936346363393562663833643863306263646637643333
38653138643332393163306361653865356233393134643934626336646634373939313565353265
31356530613735306365393237376435356338666237323364346665383436333933393462666230
30613639333036653661393233353338353936343264353061393230303131623630616264306536
39373134656339383339636631616531356337616539323366303736323666376265616266363735
37303161303639353136646536356561333062626130396536373466626366303966613731623864
35613231326664316633393235653339336665356533316530306462383163646531643730663031
32613365663536656263616130363365343031346636346235373738653233653735313464633236
35303731633635396633353166333936643636306335646139306164343932306464613064386539
66323934316266383262373563643731393030383866666463316362373031646266373462353065
39393435316562616534333036396438363066336366316462623461626466396261623763646437
39373065323163656535623133346561613235616436636431323865303239313839643830653730
39623639663964366339323761623632363838356533646432306634633633313937366134633363
62646534313137663034336533396331346531366134313335643131393564393965623839326464
62333730666462636534663862326363383130396631613932303938323733343430633165323432
64323533386439353539303332383761353436356634363962353461396362383839343337666563
65346266353431353730313232396135633233663033316135643339343639626434636233633862
62656236306563633834626138623532356362313635363335393033363936373839323437353631
30393763326363346335613338343939653330303832326136373138363338336239326639333834
62333266366637366366643039373137363831366261346430303934346439373337363666343739
65666661656130313130323638313265616564316539663730313565633234653631303839646634
37356533343963376163323366313662393764303436333931653030616166626164316563303062
36363661313765666238653161323537623230323533623035666338323366636438343330333565
39623066393433616637363764383835313966353163363465623036613032303364306630396266
30316461646663376265386336643036336166383832356161323534386665343465663335626230
33636433316161643238626366353066366533383561633034663061626333363136326436393338
61666636383237616565633737663062656337646361353938353832636436363238633130353432
37333063363165646439383739653735336635653434653864343939373864393561393263336166
33313361663461613534366635653733313064666534326431343361653538363563313361336433
36343537383238386562666639316437333965616464393338663235626662346335643932336561
33386437336334396136643135643133623539643036666330303832363766646538623639343532
62346133326663633630666332343232353466646461376462333639396235386531303661313163
61343331623364336361356134363939383738643561383535323131663932613466346231353864
30333330306137343436326663646338363336393966366636326630336432643535633463383132
64353038373163393736343237383565633530383234393763383939643961343333363462383931
64643462633035633565643334633465653236633661336466313061626164326434336533353039
66653837313739343937343536626239316531303634663036306462626633623232666133626431
37333966376436653538643765663533343965326561343733653265643633663037643763656331
35386635616438376532643964396264666561623530643163663038313530356635303765356363
63616339316463666465616238633465373062633733376266623337346366303731376135653336
36333535613965663263663330373932626132353762393538333466366664376130343835383864
33663764633033366161323234343538376132323936636636336233343831653034663531393562
32636164636637633537633135656632653862376139653065653664383463643563303038353631
63343661626532623036626562346635303238323265653932643233316131363035393932393866
38393238663933306266316561336132363834333561633031663332306132666566306533393061
39663635343237303431626433306334373765396333316430356134393532356564343461383230
34623639353830343666333762306236363565373931616134643165643363663331633932306233
66613461633565643536626666663965633261323062353331346538653032363239303936326665
36643663333366313863383964333933356234376539646636653035363061613535616238616532
32656336336533363264346562623062393061653533646430643963303135343432306334346331
37396433333633373163643562623865343836383635326363623638623863363134643539316638
37396463636430313732646631623132613962636132343362346639373166373431626637613264
35306234623861383433656634316562303736313565613639306637396664613064626332633032
64316638653364336262643936643634356634356164613531626438626663383931616431333333
64353238313632386266653637353161313664326563663338353435383434313936346661626435
39356131633334663034626432363734353261393739323166333836663230306435336335353162
30313930633930353166616430313333633566636365323730663237666131613766613233373130
62633738653564376161623864656562396666306564643937366361663564346338623163353236
66643539306361343162383538306566613239346533663935383736393939386330373562333032
39623032643436376231663761346439353463363637323565653437323665373837356530646137
34346634336635383435366666346537383930636666336433393464343435343137636238333362
34333765333565663965353866323066373465343434393934346166623261333065643464356633
38313836376630383430376264316261356266636430353130383131346163333962356163396361
37653365373831363037363263373637373366643137616134306336356133326164356234396561
36333961643932616530636332356634323535663832356630633163356234666232633966383739
35303034656235363564353339616239666533396232393966306537323535616263633131383035
39303762303761636237396163323439373631653961373337656236313732653438396131353361
31383661313161306664633132366466386231343466646139383136646236643365306235396637
61363439383566366535326161656231653635316632663862393363323965323234613162663365
61333135393832353036346439616661333233633432306632323563323166663131313538653130
64613963623233616262333239613630326265333930636366633963653736336236
