$ANSIBLE_VAULT;1.1;AES256
63663665393833653538303438356633333361656562386337363732663363653666666138353534
6538643365663865366532336466373833306136333030360a626264303536356638396436656333
32343035633165356262383362306131663032323432393633636230313639336461653735303262
3963346634393531340a636364646333393936633932663965363439363936303361653064643232
31616531303461643330636462616133383831323365653632316537613963643366366532326135
36626630386537656566383564343762323836653563393532303533313836633062313663643637
61323436373430313063636231363539623731633738333235356539353931386234376533643530
34646462383337386262336633373439663636636239346431376666353337346131363962353365
38373365616638363630396336316463316330363238386661396463643766656535646539633865
33333439656337393031336132336631633463623533666333353538333131633131653337653936
30346261353932656130343330623633313761383231646132313031353561663637376430366165
38623937303566623134613134363761333736373162313765626338393130343134633261313363
66386133396438353234333033623638323665623230356634383066663434323335363561383537
33313630613039666262326137336462663238303736316361616337643030363832646235663132
35653330616634323666643830303533356666646666383239616565366339653161326538333364
38313236613336383064353465313032326162373261353265613935663666313931376433333433
39303264336433326266633536363634663234643639336166323430323437616164303731303731
39306636313463356362346634393565333162393166396235386164383761346363316538333061
37636233376564303339376438306333336536333331303562656361616664313736333438306631
38366539333639383535333866643437383530666463383932333735643136626134313231336132
65623633623861363531353763633131323935643731343731363064666438633839396334383937
62326630376639663532386132356633343636333566363062353239623963666561613865303839
31663862653461643862396363363930313462346138366132383462656131363137313939306431
36663036356636643537303430366635663739613933323737613338386366356339323237313361
65336339383966366539346263356439366361633664323231363538643430383430393635303362
61366565326432623530633139616562646235656234653834343633343462333934663465376338
65336230623035623632353239326663343964653839343065316337303432666231623538643931
30323837356438363463626339613064376636633662646531356637663031633236343963333565
39386561663531356661323365346532626136306466383035633034366239643230376138383838
64653630633433333161333130376533396232383232626664656537613030613532373433383437
61323264636464656536666236366535613633636162373635653135376133663931353563653761
66393365303631643738356633383238633333343036626438396335313962613666323934346231
30376234333966613462353137336533633536306661653835626464653363363136346566633434
33323732326463386230386365323263363262343030666666353765613062396337363632653630
38346261613066316237616333636534306338306436613566323433363532393237616262326639
35376231373066626163346235656363333762373863663766333664663163313630663731336332
34356666373961306666363461663633323563643837306262303130343030616334303036313166
32376138376364386335366434373930633065306236623866653132363638386134313133393661
65313830373666613233343631306137383435656165306665373130313136306635383765643663
34356361633037383738313536326565613435303666633930643965373335336266316266326562
37356263346362613566613162663761376163316435633730623039623766653537363566323638
61636431313137303336383933653038346436323062396131376638353536396665633230636132
37303766333732623430333435616261393961336133396335343364663435356338373963666635
39663535633135383736373635313234313635656363313037626233333031656361373435623437
39623637656631323062666332373664636432303630653535363162626136313566306133303130
37363331373562396431653231636534373763616361646333396433346136333737656635303338
35626531373433346364353434333637616134653466326531663837336335653239343938396164
34373339303034626136306534356166333530323839663062633566633334643364303531306131
64616466646564646331666438366635653766343266666563616437336535613166373563376432
34353535313934386337383265373332383638343331376136633138326134643838386635353231
34383765613463316566323861643236393762323564303634393166373163656263613034373165
30333437306366366135383738396161616464323535333263346630346161383036303134363963
34326439373661646533396263383133393931626362336635336239396661303566336432663361
63616332343936356662336630643432623830656163646536373338396134393163666630303662
36323265306630643738376666656363613636333335343536623037343038396531346635363966
36373534373962616333663133653334373737333233363262396531303338613138623738376239
35623435323232333036653364653963326463353866643161333965656135323338356261383938
31653161353631626364616430646139613337663430313938643863356430353362393336643230
64333936303431663938663030383538623830363231633534616334653236326635303764623234
38653161656536333362303563363133313630633464383665663131383833386436306631653638
38623136353735666137653436393136336634613333626239313331373663376631643236663035
35353637663061623664396461303333613430333639633539313639646231666231326630356534
63313135363034386433653836653735633832666234353736633534383430333030386538353061
39626232373535633363383037333866396366613064616334616662323235383136323565313265
64393563366265633335633535353261363439616565383062373337373361383437383737623235
36313661626136613231356230373866393061343965333338646539613961383433353138353039
63666234663764633637663134316430626264633336656234656361663735653837386636383562
37626638346666623233653133336565303530343738643834636334383630383866376133666334
32376466643962663866303365383030346537373761386265613363653935666532396464333038
35333938623736653065343430323536316633613238343266656431366239633761333266343565
34643739616231393563333066653163306137646433663962656131663039323830366437636134
35623364626539336633323762323235383661313337306663643931383232396231616635303663
64643033356639626632613238336539643061343830363939653137636466353536303535306434
63643662343831323737343636353931316136653534643430333361323834353135616638376135
36643861623963623130343262366362366635326437653138303236313738343432623136353366
66306362353434363136666565393039386631643932666439393862643565343266313734613463
32346638343537336534666633303437666664653338623838396431626638633738393530353834
34633236386235366134303466646164346465643435336637616230373234636462353364313030
33346431373230346364363366303832613138356432396566366633373733346135326162623033
39326238306432616465343064616363316331333035613963316134346366346431336133636233
62646365386133373462626634396637633466616265653737313565663865383230623437313364
36356665313461623962306261353066656137373665366435376330383036323065313736626133
65633735373564646564343166613162336333346634303561393665666463626330653932346134
33303738303832313231656331323132316538646461623236653361626466326533326166613834
63336335376230323830376134636138313865653831343865616630323135303835656535663036
31643161633061393239363564326164333061383833656639633538653434326131303839353738
30306566613037356363333030653030633865333639323763353534313937373262373238373934
30316532633333386538316535303165623838353765386435303233323165396134346538343435
31306161316364646363623137393635333333383337353164383339333164656564383162303538
63626633653263613666363132323737306639333431653365313835353839323537656264383037
61623236396530343738353830373835383438346561336238633562313633393735636264383831
39356261346632373232373936656230316562643031383330386131353237373635366633363461
31613032363033336534623665626665393238326538363535313636343535346139346463353661
34333039356432363431616530313432366364386336396537313466363936636663393934633164
36313062646163316532323132376130616231306337363439353764396662363930646131353237
63323437333632363739376433313562356430363364363138326232373734613336633131616431
33333334343034303966663336333165313738653431346137313963626164343233313365343530
64306236663132633030313530663635323031323265363462376538383432313361613739633739
34616162376639623061633931303434376230303831623235636633643938643761643839313832
62373135396361613038353130343738353465636262336562646664633164636334336136363262
32653333383231333835323666316361393062656662353963663836313034663339666635643062
62386465646135623961396132616134643136393733376334376237393831313434363466623838
35626233396263646636643730383133343934353061633234663630646434363465376136366362
32643733346262366637626335333736366137306364393362323465636336316536663463323833
65633635303635653861313763376234396561393032353662666132653931363936336330326533
32393064313463383533336262633563376133653866646666356134333336323933653366396530
64643334376139616433643062616633333035633465383239343638313339363833626164633263
36323631386233666638623635376165383330383365316666626264653365633830373938373733
62393766326666646462623338336663393837356534666530336136373630306339613463623830
65333564623037316261386332353062306230363062633063376335306533613132333539343034
36396331633833646166393437613437373461393866343037393133643439356363323366373730
62343862613135653766656665303130613435366336653337393461343866306465653339643339
63616230363130616239303938633635343831656539643135353061643234316330383163316661
62343166353461333337386164373937656339303662613661346565376336636133663336323238
34326238333137396632326336353733653930333431393862366236376533626432363963616538
36656532613963396330316431386531656366653731313231393536663838396337323166613932
30653964363032313964343238646266373233303366393665633535353764383763633532616365
65663661663436303030396634616331646132383032613337633633336334653838653532666464
34336538653166343239346437653037306662613266363637323965663734636333616631306137
65653038373336306439393530323932313365303337353933366133633832363561366264653662
31623965393066653236353030376438343665366662306130326365376132653164396239613165
62666239343133646234323030313032646138313030383766366431643262666632623566353764
39323339373563346633643765303465666430623465646565646438633364396330376266346362
63323461336230316431616330393865653565383634653731633138623561303736353632383366
38383637613436663063613663333132623362646238383961353837633235633763323538646261
31303132303733343538666336353638393666336434616263613031626663396166303639626632
39616534363739313764653833373262306633646562633665656464336431323836343264353361
33346239636531393363663632656433613766303361666238336135313033313330343263616434
39343134656638316131383163663836643961383935313139646533623637396533623862616435
64343865636662633535633939383930336338393938633630623835386662383436343565653665
34363832663365653031383837323166336630303832316163346366666365633563383036316466
65633035643266313034323866636266656566306364373337646639306465376666626262373361
37393237333932633364313039663034393730613032313564303831373235323265663163646366
38316332636166663734336365393565653338623939353535306135643935393963633730353237
32646636306637353361356537363665333236656638613737393961346539323739613664613130
63393333666339303236386463386538383762366164656261346536363336353730316664386234
63373738663163663261396337643630353834353863326466323261356232393462316639393539
66616537396333313739396432393237343035326236366134363536646433373062313632326134
32393230643564616266636265643666643764316464366333653162653437383632666565373939
30663538636466646539346161616535393862343233323433613338373230653762393436383564
63346230643832396463366263636332666631376636616131373239333537626438303531353565
35386134356462633933633036306532316363323538363765373737303031313062623538333666
62303935633234316562376266633630366630306664393339363964653438653761363265303761
66336339313261633338666233393566343266383665633936323130396231356264363837623338
61633166386136386331303663363164353135643637356433363633636434336232373433396137
36323430613063343439643634653334353961313231636534353566633432653230313866646166
35353438313839393735363466346635653966356339373762323632363262356236316532343561
66326461613138383434373939396265316437633563393635343263623161666562376639626332
31643035396166333661326564376430383636653736396431333766396130623932363362383238
65336361306332333565613938663833616131663865393364316437366262356435323730356263
65316538343835393262356134386137343235336139383066313435363261396332356531343032
33336363633966343930633237633466313330316338346633656463383037633038653563333365
39373762336136376438633462343265353937343566376338623662333137323838303538386331
33366630333032633138653965636536376164373261326636656136643430306565643930616266
62373736356533356235336466646437623362633366383233613734656630306333316132313536
62633964363639373263363164636566623463663532623131656337306164323635356234663339
30343265663466376435616263316263356137323638323930383331336539356234353435656338
36373630333633633039616330646531313766306437646564643861616362393438656535303661
62643330356466363263323761653330663464393666636662326664373738323033396137363933
35336232393839386234653666333531346232363061376639366462346332396238373932346233
34616561303565323438393832643234653764386663313164653161363531616438653139643937
33363233376665643037643765353239653863393132633966333435336132366539653234653835
62353233393239623131316562363531643363623366383430356438306235323938303465376539
62386638356364383738626663386566633562653338343737303632333132396332396630393763
65303264663163336336633638383633393230623137613537356665396363333735333563373733
37343037653665653933326166343232353435626332353461343864343866323937326333393036
64343734643033346636393365643930633065633438663836376636663262383331306139386431
65633662373737623539353632663338333661613237366230653566653166306139353236306130
61663766613630646532373130323535643862386234333630333564343837313739633733643333
30623461373362353438313161653838633261653237356662643038613366656633326637666662
64396332646263626139663739343862666665663866643435663533346238326133303265373061
34663963326536313038393938633134633334306563343336313835623038316538363338323038
37663232666332303439653766393330303237653134386262356330653934396330
